image: nerve-kitchen.pgm
resolution: 0.050000
origin: [-1.255750, -1.524914, 0.000000]
negate: 0
occupied_thresh: 0.65
free_thresh: 0.196

