image: Feb-17-2021.pgm
resolution: 0.050000
origin: [-1.083491, -1.435554, 0.000000]
negate: 0
occupied_thresh: 0.65
free_thresh: 0.196

